r	 fullpivoting	 partialpivoting	 mimicrypivoting
1.0	1.0	1.0	1.0
2.0	0.6693071782536204	0.04331391099668615	0.8379329989650006
3.0	0.4247751141462058	0.5562469813875132	0.6592327248379217
4.0	0.2825799335301524	0.568958427023541	0.4731378217533709
5.0	0.19031084836184245	0.27199011916714233	0.17559031926553328
6.0	0.16718956402810323	0.17709069286394735	0.1481821987077085
7.0	0.07910106486022118	0.11185440027618819	0.11541279230592151
8.0	0.08053413987082308	0.11332155883109542	0.089694011522808
9.0	0.03782663392838443	0.06347318939727387	0.05347632392679248
10.0	0.0382382120582482	0.03826505912627515	0.01854304488222088
11.0	0.012967024783472671	0.02589288166739374	0.01958804535625008
12.0	0.009379081195516467	0.026211795283687764	0.014337974891118644
13.0	0.009275657020660797	0.02585033382943967	0.010082374982411496
14.0	0.008204382059548945	0.025729788781769063	0.006307566802277334
15.0	0.004261406587071012	0.00984438091613706	0.006208092453096696
16.0	0.0036181097511794403	0.0069919905865982925	0.0032896714045736308
17.0	0.002097721190500021	0.002672302030662358	0.002908579259480338
18.0	0.0011289365372711695	0.0019486249974833877	0.0022482915332958323
19.0	0.0010555347819294523	0.0007143129184921577	0.0014466371638849715
20.0	0.0010026432328224396	0.0006187736053474255	0.001341896043636483
21.0	0.0004503536274793727	0.0004508365143226966	0.001122454150496318
22.0	0.00039430350462723554	0.0004504125277453344	0.000988106971926988
23.0	0.0002892010874360853	0.00045994869792138085	0.0005782191866221517
24.0	0.00026353295201502055	0.0004346047686755095	0.0002855584643592609
25.0	0.00020266434736955396	0.000505911466846515	0.00016055987592587174
26.0	0.00013063919907076375	0.00023656449219828179	0.00017589875845353721
27.0	0.00012050657428931532	0.00018570551752269813	8.672897607749659e-5
28.0	0.00011398052936020288	0.00016516048004520747	5.7025896931143e-5
29.0	8.946254729579426e-5	0.00015880916586823887	5.1562403384638205e-5
30.0	8.236264343306118e-5	0.00014250233780312746	4.109028527651935e-5
31.0	4.369592720175405e-5	5.251273569335397e-5	3.175552130711422e-5
32.0	4.2134955007003295e-5	4.950627625204466e-5	2.1574188414913998e-5
33.0	3.088166249988386e-5	3.762551682333733e-5	2.1842561090290907e-5
34.0	2.7071530197810855e-5	3.56907563404894e-5	2.1160014801536083e-5
35.0	1.6783135461321774e-5	2.7096036523866684e-5	1.4093991908649932e-5
36.0	1.520349204429729e-5	1.781256148183225e-5	1.2008602873190534e-5
37.0	1.2481304103275007e-5	1.787503043810135e-5	1.387454298788784e-5
38.0	1.1055398245055324e-5	1.265627048762377e-5	1.2083173154223648e-5
39.0	7.370250269404953e-6	1.1714608187289598e-5	8.486275332501359e-6
40.0	7.032359473721447e-6	1.4507022985767691e-5	4.701800159657838e-6
41.0	4.134002736649047e-6	8.069973038697552e-6	4.642449852468851e-6
42.0	2.792004743942809e-6	7.883399027643486e-6	4.29723837458126e-6
43.0	2.609412754782419e-6	6.904139459596965e-6	4.2267739516550326e-6
44.0	1.871777103902297e-6	4.671596504833309e-6	4.2261779044103025e-6
45.0	1.548336177972487e-6	4.648333479264129e-6	3.086784790340913e-6
46.0	1.3337495294228833e-6	3.3892267396806407e-6	2.8873669342127825e-6
47.0	1.284761792741624e-6	1.5790486215231442e-6	2.2625651232140016e-6
48.0	1.2402961647861322e-6	1.4365860603970138e-6	2.089253901044187e-6
49.0	1.0978554415830235e-6	1.4957544932191468e-6	1.8983726762004939e-6
50.0	6.788605631826397e-7	1.2306782512039466e-6	1.1826984325914913e-6
51.0	5.99909115391874e-7	1.1284707791423279e-6	1.108808160339563e-6
52.0	4.929355153336947e-7	1.1349664569087332e-6	8.382887206891508e-7
53.0	4.855563162195136e-7	1.2249380291061736e-6	7.326803292468672e-7
54.0	3.6533691314297137e-7	8.198998232804735e-7	6.350510966957553e-7
55.0	3.6355028478956506e-7	6.7538947612988e-7	6.529137540808751e-7
56.0	3.1030834231051465e-7	5.128869324025925e-7	5.602035154620909e-7
57.0	2.775903695072612e-7	3.7459243156378666e-7	5.505793774714907e-7
58.0	2.12518812629718e-7	2.908166050026612e-7	6.708595862533995e-7
59.0	1.726340146363768e-7	2.9667683837680965e-7	5.576802248686931e-7
60.0	1.3314734483041008e-7	3.5529908240035173e-7	4.917870559142249e-7
61.0	1.350776014724482e-7	1.5575670969422838e-7	2.0373202164410546e-7
62.0	1.0716971416698281e-7	1.3406712050070623e-7	1.704004757583656e-7
63.0	1.0095726745088354e-7	1.362979393093839e-7	1.5051439604242007e-7
64.0	8.854022393033391e-8	1.350154970821139e-7	1.5598797762653982e-7
65.0	6.732651420598469e-8	1.0873542814419949e-7	1.4861521526578152e-7
66.0	6.276345618136028e-8	9.019718479423052e-8	1.1565802029604375e-7
67.0	4.2991710576120814e-8	8.188329998106643e-8	7.935990708033321e-8
68.0	3.476874955039547e-8	4.320545552194148e-8	7.771460712845234e-8
69.0	3.001342974550623e-8	3.585522766384027e-8	8.59097264669412e-8
70.0	2.8109260406190604e-8	3.450145198926392e-8	5.357044588870802e-8
71.0	2.5199427019096007e-8	2.9620564219761078e-8	5.611631919158735e-8
72.0	2.3707214106648218e-8	2.7125834820960503e-8	5.696125350783109e-8
73.0	1.5014031498877284e-8	2.4152314066339625e-8	5.4268375528982965e-8
74.0	1.4285558647629481e-8	2.36474619679794e-8	3.699112310022098e-8
75.0	1.4333462241770464e-8	2.2297720874768335e-8	2.743788628234823e-8
76.0	1.2515518979920857e-8	1.5964390686294276e-8	2.3433676497835524e-8
77.0	9.294867689256845e-9	1.5297654219851678e-8	2.0495511574531344e-8
78.0	9.490407178546717e-9	1.1460021271552235e-8	1.7484108560837135e-8
79.0	6.973333246603588e-9	9.407573026323587e-9	1.9141168812459828e-8
80.0	5.816898342035449e-9	8.203862928623172e-9	1.5468473780360693e-8
81.0	5.627159460475646e-9	7.753952630799949e-9	1.486656287136592e-8
82.0	4.115025613648716e-9	5.906775148923337e-9	9.851802025751675e-9
83.0	4.115074682831483e-9	6.371293906555619e-9	9.078682704818294e-9
84.0	3.850114583931278e-9	5.7699682551005325e-9	9.369604066819885e-9
85.0	3.3352740866251126e-9	4.490974557044278e-9	8.66453657729661e-9
86.0	2.242947733016641e-9	3.915400478716936e-9	6.2386772288372484e-9
87.0	1.4348781280014947e-9	3.6500488948018704e-9	6.6710833250847375e-9
88.0	1.30209182241905e-9	3.232860302179858e-9	6.537898511267742e-9
89.0	1.181646879256459e-9	2.499199752904963e-9	6.1872260617591255e-9
90.0	1.237862831154381e-9	2.531888119300426e-9	4.923730648140595e-9
91.0	1.1343338021360861e-9	1.9037710772725487e-9	3.6078994327613755e-9
92.0	8.036782927906966e-10	1.2634437665348128e-9	2.924125442524524e-9
93.0	7.558323605799826e-10	1.1952447886545222e-9	2.4016493276787504e-9
94.0	6.805210064109275e-10	9.85958011605423e-10	2.0614216369473946e-9
95.0	5.631960087580775e-10	8.32800932489187e-10	1.626883749475564e-9
96.0	4.723349582956459e-10	7.519014745740219e-10	1.5215182814788183e-9
97.0	4.6487853816101487e-10	5.936495807225256e-10	1.6347885149616273e-9
98.0	3.6367265821714853e-10	6.414162204049238e-10	2.0618759591920473e-9
99.0	3.2535963351533067e-10	4.804847770552511e-10	2.032579287818551e-9
100.0	2.893573472444694e-10	4.1233723769425106e-10	1.6405071585363824e-9
101.0	2.448246066424799e-10	3.796079531353377e-10	1.3081360757590244e-9
102.0	2.3790590710107227e-10	3.8416395311816244e-10	1.0970461186448051e-9
103.0	1.734139045132894e-10	4.310991381633804e-10	8.273235258135586e-10
104.0	1.4456015302035192e-10	3.9305120409913036e-10	6.511823881987908e-10
105.0	1.4311606128272598e-10	3.450698835603762e-10	7.3431901367399e-10
106.0	1.2784616489549726e-10	3.210439084704562e-10	3.659670548232763e-10
107.0	1.1732329444905515e-10	2.73066476433125e-10	2.7753992307707146e-10
108.0	9.517269403413256e-11	2.6213500027046665e-10	2.3359216836271707e-10
109.0	8.215744823294948e-11	3.3974023891518043e-10	2.3040112095886275e-10
110.0	6.995799299340097e-11	1.6777473737086978e-10	2.0239585288415364e-10
111.0	6.807864634257847e-11	1.47870895784079e-10	1.70000576380762e-10
112.0	6.784033902090813e-11	1.4727010578132723e-10	1.8422177258980028e-10
113.0	4.681431871659229e-11	1.5158427351194744e-10	1.2415759960380259e-10
114.0	4.5458038266087765e-11	9.733161603712244e-11	1.098468073994769e-10
115.0	3.5741623088198466e-11	7.762629106578127e-11	1.3181912264531874e-10
116.0	3.4891662368069935e-11	4.950602405945438e-11	9.604263133978948e-11
117.0	2.564071294708284e-11	5.0132072540610745e-11	8.257026830143253e-11
118.0	2.3182090517631002e-11	4.951400673052296e-11	7.052724552516179e-11
119.0	2.333546714910341e-11	4.330821689041497e-11	7.686538998877185e-11
120.0	1.610265004800969e-11	3.512662374726323e-11	5.970563378605041e-11
121.0	1.530699550092616e-11	4.654967850184433e-11	6.287625606605796e-11
122.0	1.580875248424741e-11	2.5174698502494664e-11	6.278893317283964e-11
123.0	1.539038136643023e-11	2.4928223402170096e-11	7.101760595172414e-11
124.0	1.4545225129908404e-11	1.751635020169351e-11	5.57512262287792e-11
125.0	1.2809081027649326e-11	1.7970654111271515e-11	6.523086971121776e-11
126.0	1.0428395321376361e-11	1.699285512415427e-11	7.139891790141181e-11
127.0	9.87489003241088e-12	1.5491630191793335e-11	5.1990549038487034e-11
128.0	8.682424067206618e-12	1.3420184625860623e-11	5.4547169572400327e-11
129.0	8.7658495972394e-12	1.224319977210429e-11	5.921147439950283e-11
130.0	6.362210063638131e-12	1.03101997653646e-11	2.1137306918031782e-11
131.0	6.45349927919053e-12	1.114349968697477e-11	2.106877141935209e-11
132.0	3.999271343192404e-12	1.0511440468616033e-11	2.0889855752932537e-11
133.0	3.813916587077776e-12	9.154449002994263e-12	1.7877956248343786e-11
134.0	3.6970946361336966e-12	6.81345777910039e-12	1.707741055649571e-11
135.0	3.4653163211498966e-12	6.4371054018128725e-12	1.967874387808772e-11
136.0	3.0065479036230046e-12	6.601659259073697e-12	1.976855135505556e-11
137.0	3.0325089765338875e-12	6.839125121873787e-12	1.4067230972995541e-11
138.0	2.4579719724874573e-12	6.1985488377384265e-12	1.4315444214315647e-11
139.0	2.1574200081642007e-12	5.871790286234653e-12	1.2221927262231678e-11
